==== MODEL PERFORMANCE (MERGED CATEGORIES) ====
accuracy: 0.7321
macro_f1: 0.7263
micro_f1: 0.7321
weighted_f1: 0.7317
macro_precision: 0.6928
macro_recall: 0.7835
weighted_precision: 0.7479
weighted_recall: 0.7321

==== CLASSIFICATION REPORT ====
              precision    recall  f1-score   support

           0     0.6449    0.8041    0.7158      6887
           1     0.5390    0.8838    0.6696      2832
           2     0.6201    0.8371    0.7124      1823
           3     0.7113    0.6996    0.7054     22681
           4     0.5763    0.8856    0.6982      3488
           5     0.7220    0.9061    0.8036      8271
           6     0.6415    0.5323    0.5818     15864
           7     0.7662    0.7996    0.7825     12438
           8     0.7181    0.7767    0.7463     12346
           9     0.8564    0.6736    0.7541     32441
          10     0.8406    0.6433    0.7288     29649
          11     0.5650    0.8385    0.6751      4414
          12     0.8240    0.8325    0.8283     11369
          13     0.6095    0.6696    0.6381      6310
          14     0.8223    0.8820    0.8511      9421
          15     0.6279    0.8715    0.7299      9580

    accuracy                         0.7321    189814
   macro avg     0.6928    0.7835    0.7263    189814
weighted avg     0.7479    0.7321    0.7317    189814
