==== MODEL PERFORMANCE ====
accuracy: 0.5722
macro_f1: 0.5239
micro_f1: 0.5722
weighted_f1: 0.5838
macro_precision: 0.4946
macro_recall: 0.6151
weighted_precision: 0.6468
weighted_recall: 0.5722

==== CLASSIFICATION REPORT ====
              precision    recall  f1-score   support

           0     0.4280    0.8401    0.5671       863
           1     0.2945    0.7065    0.4157      1339
           2     0.4644    0.4206    0.4415      4177
           3     0.5513    0.4702    0.5075      5132
           4     0.3862    0.6819    0.4931       921
           5     0.2990    0.3839    0.3362      4642
           6     0.4702    0.7097    0.5656      2832
           7     0.5619    0.5889    0.5751      1063
           8     0.6248    0.7863    0.6963      3426
           9     0.4142    0.7284    0.5281       902
          10     0.7385    0.4051    0.5232     14774
          11     0.4826    0.6359    0.5488      1442
          12     0.2536    0.7486    0.3788      1042
          13     0.6361    0.6561    0.6460      6331
          14     0.2659    0.5265    0.3534      1039
          15     0.4219    0.6862    0.5225      2046
          16     0.4165    0.3347    0.3711      5265
          17     0.6080    0.7563    0.6741      4317
          18     0.4493    0.4835    0.4657      3086
          19     0.2677    0.5841    0.3672      1022
          20     0.4336    0.5487    0.4844      2404
          21     0.4264    0.8479    0.5674      1755
          22     0.6605    0.5810    0.6182      8790
          23     0.3567    0.3248    0.3400      3556
          24     0.8970    0.4984    0.6407     32441
          25     0.6969    0.4681    0.5601      5603
          26     0.4734    0.7162    0.5700      1878
          27     0.5486    0.7133    0.6202      1803
          28     0.5816    0.6740    0.6244      4414
          29     0.2060    0.6407    0.3118      1567
          30     0.8542    0.6951    0.7665      9802
          31     0.2643    0.3175    0.2885      1940
          32     0.4245    0.6752    0.5213      2103
          33     0.4527    0.7699    0.5702      3664
          34     0.8517    0.7381    0.7909      9421
          35     0.3369    0.9463    0.4969      1377
          36     0.7027    0.7985    0.7476      3653
          37     0.2393    0.4858    0.3206      2316
          38     0.7680    0.6404    0.6984     17943
          39     0.3378    0.4001    0.3663      3184
          40     0.7164    0.3670    0.4854      3297
          41     0.5108    0.8535    0.6391      1242

    accuracy                         0.5722    189814
   macro avg     0.4946    0.6151    0.5239    189814
weighted avg     0.6468    0.5722    0.5838    189814
